#
# This matrix was created by Todd Lowe   12/10/92
#
# Uses ambiguous nucleotide codes, probabilities rounded to
#  nearest integer
#
# Lowest score = -99, Highest score = 5
#
    A   T   G   C   S   W   R   Y   K   M   B   V   H   D   N   U
A   5  -4  -4  -4  -4   1   1  -4  -4   1  -4  -1  -1  -1  -2  -99
T  -4   5  -4  -4  -4   1  -4   1   1  -4  -1  -4  -1  -1  -2  -99
G  -4  -4   5  -4   1  -4   1  -4   1  -4  -1  -1  -4  -1  -2  -99
C  -4  -4  -4   5   1  -4  -4   1  -4   1  -1  -1  -1  -4  -2  -99
S  -4  -4   1   1  -1  -4  -2  -2  -2  -2  -1  -1  -3  -3  -1  -99
W   1   1  -4  -4  -4  -1  -2  -2  -2  -2  -3  -3  -1  -1  -1  -99
R   1  -4   1  -4  -2  -2  -1  -4  -2  -2  -3  -1  -3  -1  -1  -99
Y  -4   1  -4   1  -2  -2  -4  -1  -2  -2  -1  -3  -1  -3  -1  -99
K  -4   1   1  -4  -2  -2  -2  -2  -1  -4  -1  -3  -3  -1  -1  -99
M   1  -4  -4   1  -2  -2  -2  -2  -4  -1  -3  -1  -1  -3  -1  -99
B  -4  -1  -1  -1  -1  -3  -3  -1  -1  -3  -1  -2  -2  -2  -1  -99
V  -1  -4  -1  -1  -1  -3  -1  -3  -3  -1  -2  -1  -2  -2  -1  -99
H  -1  -1  -4  -1  -3  -1  -3  -1  -3  -1  -2  -2  -1  -2  -1  -99
D  -1  -1  -1  -4  -3  -1  -1  -3  -1  -3  -2  -2  -2  -1  -1  -99
N  -2  -2  -2  -2  -1  -1  -1  -1  -1  -1  -1  -1  -1  -1  -1  -99
U  -99 -99 -99 -99 -99 -99 -99 -99 -99 -99 -99 -99 -99 -99 -99  5